type = continuous
signed = yes
projection = regular_ll
dx = 0.00009259259259259259259
dy = 0.00009259259259259259259
known_x = 1.0
known_y = 1.0
known_lat = 29.000046296
known_lon = -88.999953704
wordsize = 2
tile_x = 10800
tile_y = 10800
row_order=top_bottom
tile_z = 1
tile_bdr=6
missing_value = -9999
units="meters MSL"
description="USGS 1/3 arc sec (10 meters) Topography height"
